==========================================================================================
ИТОГОВАЯ ТАБЛИЦА ЗАВИСИМОСТИ SCALE_VAL ДЛЯ ОТЧЕТА (COARSE-TO-FINE)
==========================================================================================
| Архитектура     | Глубина L | Ширина W | Длина T | Оптим. scale_val   | Итог. Ratio  |
|-----------------|-----------|----------|---------|--------------------|--------------|
| random_balanced | 2         | 16       | 100     | 0.62354            | 9.90e-01     |
| random_balanced | 2         | 16       | 500     | 0.70321            | 8.97e-01     |
| random_balanced | 2         | 16       | 1000    | 0.73153            | 1.01e+00     |
| random_balanced | 2         | 16       | 10000   | 0.89233            | 8.16e-01     |
| random_balanced | 2         | 32       | 100     | 0.20078            | 1.00e+00     |
| random_balanced | 2         | 32       | 500     | 0.23547            | 1.00e+00     |
| random_balanced | 2         | 32       | 1000    | 0.23547            | 9.96e-01     |
| random_balanced | 2         | 32       | 10000   | 0.21813            | 1.01e+00     |
| random_balanced | 2         | 64       | 100     | 3.07984            | 9.96e-01     |
| random_balanced | 2         | 64       | 500     | 3.40937            | 1.11e+00     |
| random_balanced | 2         | 64       | 1000    | 3.51777            | 1.11e+00     |
| random_balanced | 2         | 64       | 10000   | 0.01000            | 2.59e-33     |
| random_balanced | 4         | 16       | 100     | 9.99997            | 1.14e-06     |
| random_balanced | 4         | 16       | 500     | 4.50203            | 9.71e-10     |
| random_balanced | 4         | 16       | 1000    | 2.95681            | 9.34e-09     |
| random_balanced | 4         | 16       | 10000   | 0.97746            | 1.26e-08     |
| random_balanced | 4         | 32       | 100     | 9.99566            | 5.74e-07     |
| random_balanced | 4         | 32       | 500     | 8.05533            | 6.72e-14     |
| random_balanced | 4         | 32       | 1000    | 6.60062            | 5.73e-14     |
| random_balanced | 4         | 32       | 10000   | 0.01000            | 2.52e-18     |
| random_balanced | 4         | 64       | 100     | 5.07302            | 9.80e-01     |
| random_balanced | 4         | 64       | 500     | 4.90527            | 4.18e-04     |
| random_balanced | 4         | 64       | 1000    | 3.89202            | 8.50e-05     |
| random_balanced | 4         | 64       | 10000   | 3.12754            | 2.05e-05     |
| random_balanced | 8         | 16       | 100     | 0.02463            | 9.92e-01     |
| random_balanced | 8         | 16       | 500     | 0.01650            | 9.96e-01     |
| random_balanced | 8         | 16       | 1000    | 0.01000            | 1.10e+00     |
| random_balanced | 8         | 16       | 10000   | 0.01000            | 1.12e+00     |
| random_balanced | 8         | 32       | 100     | 8.89000            | 6.68e-02     |
| random_balanced | 8         | 32       | 500     | 8.57781            | 4.07e-06     |
| random_balanced | 8         | 32       | 1000    | 6.93991            | 4.78e-23     |
| random_balanced | 8         | 32       | 10000   | 5.90688            | 1.40e-21     |
| random_balanced | 8         | 64       | 100     | 0.02518            | 9.94e-01     |
| random_balanced | 8         | 64       | 500     | 0.09550            | 1.00e+00     |
| random_balanced | 8         | 64       | 1000    | 0.09994            | 1.00e+00     |
| random_balanced | 8         | 64       | 10000   | 0.10105            | 9.88e-01     |
==========================================================================================